0	2	1
0	9	1
0	83	1
0	72	1
0	61	1
0	38	1
0	33	1
0	76	1
0	80	1
0	27	1
0	17	1
0	40	1
0	67	1
0	24	1
0	74	1
0	69	1
0	84	1
0	58	1
0	70	1
0	16	1
0	91	1
0	59	1
0	4	1
0	21	1
0	86	1
0	25	1
0	20	1
0	43	1
0	28	1
0	39	1
0	98	1
0	22	1
0	57	1
0	93	1
0	60	1
0	47	1
0	54	1
0	5	1
0	34	1
0	65	1
0	66	1
0	15	1
0	29	1
0	44	1
0	52	1
0	50	1
0	42	1
0	92	1
0	14	1
0	75	1
0	49	1
0	53	1
1	32	1
1	90	1
1	53	1
1	48	1
1	63	1
1	55	1
1	28	1
1	4	1
1	94	1
1	18	1
1	77	1
1	11	1
1	39	1
1	87	1
1	17	1
1	5	1
1	67	1
1	65	1
1	81	1
1	84	1
1	10	1
1	64	1
1	42	1
1	70	1
1	85	1
1	41	1
1	2	1
1	43	1
1	60	1
1	1	1
1	7	1
1	40	1
1	80	1
1	58	1
1	27	1
1	29	1
1	68	1
1	97	1
1	96	1
1	69	1
1	49	1
1	19	1
1	91	1
1	9	1
1	0	1
1	66	1
1	51	1
1	59	1
2	47	1
2	50	1
2	79	1
2	86	1
2	53	1
2	16	1
2	15	1
2	94	1
2	81	1
2	24	1
2	29	1
2	54	1
2	31	1
2	23	1
2	59	1
2	41	1
2	37	1
2	89	1
2	76	1
2	78	1
2	61	1
2	25	1
2	56	1
2	11	1
2	52	1
2	70	1
2	10	1
2	17	1
2	96	1
2	33	1
2	18	1
2	71	1
2	42	1
2	48	1
2	49	1
2	21	1
2	35	1
2	40	1
2	83	1
2	6	1
2	28	1
2	22	1
2	9	1
2	55	1
2	73	1
3	18	1
3	87	1
3	22	1
3	42	1
3	40	1
3	85	1
3	98	1
3	55	1
3	53	1
3	67	1
3	35	1
3	83	1
3	61	1
3	7	1
3	78	1
3	32	1
3	27	1
3	76	1
3	48	1
3	90	1
3	41	1
3	46	1
3	16	1
3	36	1
3	56	1
3	2	1
3	92	1
3	77	1
3	38	1
3	24	1
3	4	1
3	52	1
3	60	1
3	74	1
3	72	1
3	12	1
3	65	1
3	47	1
3	44	1
3	71	1
3	58	1
3	34	1
3	73	1
3	54	1
3	15	1
3	26	1
3	33	1
3	97	1
3	79	1
3	1	1
3	23	1
3	25	1
3	99	1
3	28	1
4	20	1
4	87	1
4	40	1
4	85	1
4	90	1
4	77	1
4	29	1
4	71	1
4	52	1
4	54	1
4	98	1
4	55	1
4	36	1
4	24	1
4	10	1
4	50	1
4	56	1
4	6	1
4	2	1
4	39	1
4	38	1
4	31	1
4	93	1
4	96	1
4	86	1
4	92	1
4	68	1
4	67	1
4	80	1
4	22	1
4	37	1
4	89	1
4	70	1
4	74	1
4	72	1
4	3	1
4	75	1
4	81	1
4	73	1
4	84	1
4	26	1
4	42	1
4	7	1
4	58	1
4	88	1
5	31	1
5	9	1
5	68	1
5	72	1
5	36	1
5	19	1
5	99	1
5	87	1
5	24	1
5	66	1
5	32	1
5	37	1
5	47	1
5	20	1
5	62	1
5	93	1
5	91	1
5	30	1
5	60	1
5	18	1
5	27	1
5	21	1
5	92	1
5	29	1
5	40	1
5	67	1
5	75	1
5	12	1
5	86	1
5	11	1
5	84	1
5	34	1
5	8	1
5	73	1
5	46	1
5	63	1
5	77	1
5	89	1
5	7	1
5	26	1
5	15	1
5	28	1
5	52	1
5	50	1
5	23	1
6	44	1
6	62	1
6	50	1
6	70	1
6	12	1
6	54	1
6	13	1
6	46	1
6	35	1
6	96	1
6	38	1
6	88	1
6	93	1
6	16	1
6	22	1
6	61	1
6	30	1
6	9	1
6	68	1
6	48	1
6	81	1
6	66	1
6	72	1
6	85	1
6	53	1
6	89	1
6	24	1
6	4	1
6	69	1
6	41	1
6	67	1
6	42	1
6	47	1
6	27	1
6	55	1
6	29	1
6	76	1
6	59	1
6	26	1
6	87	1
6	84	1
6	20	1
6	10	1
6	39	1
6	2	1
7	48	1
7	24	1
7	2	1
7	25	1
7	57	1
7	79	1
7	69	1
7	20	1
7	78	1
7	17	1
7	61	1
7	77	1
7	35	1
7	90	1
7	91	1
7	41	1
7	44	1
7	85	1
7	3	1
7	80	1
7	60	1
7	72	1
7	55	1
7	19	1
7	7	1
7	86	1
7	21	1
7	16	1
7	31	1
7	81	1
7	14	1
7	15	1
7	99	1
7	5	1
7	58	1
7	62	1
7	53	1
7	40	1
7	46	1
7	87	1
7	10	1
7	22	1
7	68	1
7	47	1
7	30	1
8	82	1
8	47	1
8	59	1
8	69	1
8	42	1
8	73	1
8	39	1
8	7	1
8	61	1
8	65	1
8	89	1
8	14	1
8	40	1
8	56	1
8	98	1
8	68	1
8	24	1
8	11	1
8	84	1
8	5	1
8	21	1
8	64	1
8	6	1
8	58	1
8	97	1
8	76	1
8	38	1
8	93	1
8	62	1
8	15	1
8	54	1
8	2	1
8	52	1
8	22	1
8	55	1
8	25	1
8	60	1
8	88	1
8	51	1
8	74	1
8	46	1
8	26	1
8	86	1
8	4	1
8	90	1
8	50	1
8	96	1
8	83	1
9	8	1
9	31	1
9	36	1
9	32	1
9	2	1
9	43	1
9	91	1
9	86	1
9	76	1
9	77	1
9	78	1
9	25	1
9	15	1
9	69	1
9	45	1
9	93	1
9	99	1
9	21	1
9	14	1
9	16	1
9	87	1
9	42	1
9	79	1
9	81	1
9	74	1
9	41	1
9	94	1
9	73	1
9	67	1
9	85	1
9	70	1
9	10	1
9	49	1
9	6	1
9	80	1
9	57	1
9	63	1
9	65	1
9	11	1
9	56	1
9	48	1
9	23	1
9	5	1
9	53	1
9	60	1
9	19	1
9	88	1
9	28	1
9	82	1
9	22	1
9	29	1
9	26	1
9	20	1
9	84	1
9	90	1
9	50	1
10	54	1
10	49	1
10	23	1
10	57	1
10	88	1
10	77	1
10	39	1
10	63	1
10	73	1
10	36	1
10	79	1
10	17	1
10	60	1
10	78	1
10	44	1
10	19	1
10	40	1
10	96	1
10	82	1
10	31	1
10	22	1
10	74	1
10	76	1
10	61	1
10	18	1
10	11	1
10	14	1
10	55	1
10	98	1
10	67	1
10	51	1
10	38	1
10	99	1
10	25	1
10	84	1
10	94	1
10	24	1
10	3	1
10	58	1
10	97	1
10	80	1
10	43	1
10	6	1
10	37	1
10	66	1
10	86	1
10	83	1
10	85	1
10	4	1
10	56	1
11	14	1
11	56	1
11	29	1
11	42	1
11	43	1
11	38	1
11	79	1
11	85	1
11	0	1
11	44	1
11	48	1
11	13	1
11	83	1
11	68	1
11	11	1
11	18	1
11	23	1
11	88	1
11	96	1
11	54	1
11	87	1
11	34	1
11	2	1
11	28	1
11	26	1
11	67	1
11	30	1
11	39	1
11	37	1
11	65	1
11	3	1
11	4	1
11	80	1
11	8	1
11	41	1
11	77	1
11	90	1
11	59	1
11	64	1
11	66	1
11	40	1
11	35	1
11	51	1
11	69	1
11	5	1
11	12	1
11	32	1
11	31	1
11	58	1
11	27	1
11	6	1
11	73	1
11	21	1
11	82	1
11	91	1
12	81	1
12	99	1
12	54	1
12	41	1
12	55	1
12	71	1
12	29	1
12	62	1
12	88	1
12	4	1
12	98	1
12	14	1
12	20	1
12	28	1
12	8	1
12	0	1
12	34	1
12	80	1
12	10	1
12	26	1
12	38	1
12	19	1
12	39	1
12	42	1
12	43	1
12	66	1
12	32	1
12	35	1
12	23	1
12	53	1
12	46	1
12	56	1
12	6	1
12	64	1
12	24	1
12	92	1
12	73	1
12	3	1
12	13	1
12	30	1
12	9	1
12	44	1
12	65	1
12	91	1
12	58	1
12	82	1
12	37	1
12	63	1
12	97	1
12	94	1
12	78	1
12	84	1
12	86	1
12	76	1
12	59	1
12	5	1
12	16	1
12	57	1
12	25	1
12	61	1
12	15	1
13	2	1
13	23	1
13	60	1
13	36	1
13	80	1
13	53	1
13	82	1
13	86	1
13	73	1
13	12	1
13	14	1
13	79	1
13	51	1
13	24	1
13	31	1
13	61	1
13	43	1
13	37	1
13	30	1
13	21	1
13	6	1
13	85	1
13	4	1
13	28	1
13	47	1
13	54	1
13	34	1
13	10	1
13	39	1
13	72	1
13	27	1
13	52	1
13	44	1
13	50	1
13	68	1
13	76	1
13	66	1
13	63	1
13	49	1
13	45	1
13	87	1
13	29	1
13	81	1
13	92	1
13	41	1
13	55	1
13	35	1
14	26	1
14	52	1
14	89	1
14	3	1
14	6	1
14	85	1
14	1	1
14	91	1
14	97	1
14	87	1
14	69	1
14	7	1
14	59	1
14	90	1
14	47	1
14	37	1
14	15	1
14	81	1
14	18	1
14	62	1
14	10	1
14	95	1
14	49	1
14	86	1
14	19	1
14	28	1
14	77	1
14	2	1
14	96	1
14	54	1
14	43	1
14	61	1
14	4	1
14	39	1
14	67	1
14	8	1
14	53	1
14	66	1
14	38	1
14	42	1
14	32	1
14	9	1
14	84	1
14	17	1
15	82	1
15	70	1
15	34	1
15	54	1
15	85	1
15	69	1
15	18	1
15	9	1
15	78	1
15	91	1
15	95	1
15	15	1
15	3	1
15	21	1
15	19	1
15	64	1
15	51	1
15	89	1
15	96	1
15	40	1
15	45	1
15	6	1
15	88	1
15	50	1
15	73	1
15	37	1
15	83	1
15	26	1
15	92	1
15	59	1
15	35	1
15	25	1
15	75	1
15	94	1
15	93	1
15	36	1
15	90	1
15	56	1
15	53	1
15	11	1
15	42	1
15	72	1
15	29	1
15	71	1
15	17	1
15	76	1
15	30	1
15	14	1
15	27	1
15	99	1
15	4	1
16	23	1
16	37	1
16	46	1
16	25	1
16	55	1
16	15	1
16	93	1
16	98	1
16	78	1
16	1	1
16	68	1
16	18	1
16	83	1
16	13	1
16	32	1
16	61	1
16	47	1
16	57	1
16	30	1
16	74	1
16	7	1
16	10	1
16	66	1
16	54	1
16	79	1
16	38	1
16	0	1
16	80	1
16	72	1
16	4	1
16	84	1
16	50	1
16	96	1
16	56	1
16	17	1
16	91	1
16	43	1
16	41	1
16	59	1
16	44	1
16	19	1
16	69	1
16	16	1
16	64	1
16	34	1
16	87	1
16	62	1
16	63	1
16	52	1
16	3	1
16	70	1
16	90	1
17	23	1
17	18	1
17	93	1
17	37	1
17	45	1
17	76	1
17	99	1
17	47	1
17	78	1
17	38	1
17	11	1
17	29	1
17	86	1
17	17	1
17	30	1
17	73	1
17	81	1
17	84	1
17	64	1
17	98	1
17	61	1
17	13	1
17	31	1
17	39	1
17	53	1
17	5	1
17	95	1
17	75	1
17	32	1
17	63	1
17	46	1
17	96	1
17	65	1
17	67	1
17	59	1
17	8	1
17	1	1
17	41	1
17	20	1
17	77	1
17	42	1
17	58	1
17	19	1
17	90	1
17	74	1
17	3	1
17	72	1
17	22	1
17	71	1
17	88	1
18	54	1
18	63	1
18	10	1
18	69	1
18	98	1
18	34	1
18	65	1
18	93	1
18	49	1
18	14	1
18	84	1
18	23	1
18	8	1
18	40	1
18	17	1
18	60	1
18	51	1
18	95	1
18	81	1
18	0	1
18	61	1
18	91	1
18	70	1
18	76	1
18	43	1
18	74	1
18	48	1
18	94	1
18	41	1
18	87	1
18	1	1
18	42	1
18	21	1
18	79	1
18	59	1
18	32	1
18	18	1
18	75	1
18	46	1
18	88	1
18	78	1
18	6	1
18	39	1
18	30	1
18	52	1
18	15	1
18	16	1
18	26	1
18	11	1
19	35	1
19	18	1
19	77	1
19	65	1
19	82	1
19	10	1
19	17	1
19	73	1
19	87	1
19	42	1
19	71	1
19	9	1
19	46	1
19	86	1
19	6	1
19	50	1
19	39	1
19	40	1
19	49	1
19	22	1
19	80	1
19	70	1
19	8	1
19	57	1
19	88	1
19	66	1
19	91	1
19	75	1
19	2	1
19	98	1
19	34	1
19	67	1
19	25	1
19	76	1
19	58	1
19	61	1
19	72	1
19	13	1
19	23	1
19	53	1
19	12	1
19	37	1
19	15	1
19	99	1
19	63	1
19	7	1
19	3	1
20	33	1
20	40	1
20	95	1
20	19	1
20	14	1
20	16	1
20	51	1
20	53	1
20	36	1
20	17	1
20	22	1
20	67	1
20	9	1
20	13	1
20	54	1
20	23	1
20	7	1
20	60	1
20	77	1
20	34	1
20	0	1
20	83	1
20	29	1
20	72	1
20	27	1
20	96	1
20	86	1
20	66	1
20	38	1
20	1	1
20	75	1
20	84	1
20	49	1
20	61	1
20	20	1
20	71	1
20	43	1
20	21	1
20	48	1
20	92	1
20	46	1
20	80	1
20	91	1
20	3	1
20	26	1
20	31	1
20	74	1
20	47	1
20	6	1
20	62	1
20	64	1
20	32	1
20	88	1
20	28	1
20	12	1
20	5	1
21	96	1
21	27	1
21	47	1
21	73	1
21	58	1
21	18	1
21	46	1
21	67	1
21	51	1
21	50	1
21	20	1
21	14	1
21	94	1
21	99	1
21	80	1
21	34	1
21	43	1
21	65	1
21	29	1
21	55	1
21	11	1
21	63	1
21	16	1
21	48	1
21	97	1
21	57	1
21	98	1
21	70	1
21	44	1
21	60	1
21	90	1
21	23	1
21	22	1
21	82	1
21	93	1
21	30	1
21	21	1
21	32	1
21	13	1
21	81	1
21	28	1
21	36	1
21	79	1
21	19	1
21	41	1
21	6	1
21	84	1
21	52	1
21	91	1
21	95	1
21	74	1
21	17	1
21	72	1
21	75	1
22	64	1
22	1	1
22	29	1
22	83	1
22	91	1
22	46	1
22	93	1
22	52	1
22	75	1
22	77	1
22	45	1
22	94	1
22	40	1
22	76	1
22	6	1
22	73	1
22	28	1
22	60	1
22	48	1
22	50	1
22	42	1
22	22	1
22	30	1
22	33	1
22	26	1
22	95	1
22	84	1
22	85	1
22	57	1
22	27	1
22	14	1
22	36	1
22	74	1
22	51	1
22	72	1
22	35	1
22	43	1
22	19	1
22	39	1
22	87	1
22	70	1
22	18	1
22	47	1
22	81	1
22	80	1
22	34	1
22	5	1
22	9	1
22	68	1
22	82	1
23	16	1
23	78	1
23	41	1
23	32	1
23	24	1
23	77	1
23	51	1
23	68	1
23	36	1
23	35	1
23	3	1
23	6	1
23	84	1
23	42	1
23	45	1
23	29	1
23	89	1
23	76	1
23	59	1
23	70	1
23	94	1
23	48	1
23	61	1
23	57	1
23	2	1
23	67	1
23	83	1
23	98	1
23	19	1
23	13	1
23	72	1
23	30	1
23	18	1
23	56	1
23	9	1
23	99	1
23	79	1
23	55	1
23	37	1
23	74	1
23	71	1
23	46	1
23	23	1
23	14	1
23	80	1
23	20	1
23	86	1
23	90	1
23	62	1
23	60	1
23	4	1
23	43	1
23	47	1
23	92	1
23	12	1
24	62	1
24	83	1
24	46	1
24	60	1
24	53	1
24	93	1
24	85	1
24	29	1
24	24	1
24	35	1
24	69	1
24	99	1
24	36	1
24	49	1
24	70	1
24	71	1
24	6	1
24	3	1
24	38	1
24	74	1
24	96	1
24	65	1
24	40	1
24	26	1
24	23	1
24	18	1
24	56	1
24	81	1
24	0	1
24	13	1
24	44	1
24	64	1
24	33	1
24	16	1
24	31	1
24	48	1
24	8	1
24	77	1
24	63	1
24	42	1
24	28	1
24	39	1
24	45	1
24	87	1
24	37	1
24	95	1
24	98	1
24	51	1
24	80	1
24	54	1
24	91	1
24	2	1
24	94	1
24	1	1
24	59	1
24	72	1
24	17	1
24	79	1
24	22	1
25	23	1
25	54	1
25	6	1
25	18	1
25	9	1
25	89	1
25	38	1
25	93	1
25	70	1
25	32	1
25	85	1
25	45	1
25	25	1
25	71	1
25	81	1
25	16	1
25	30	1
25	50	1
25	41	1
25	39	1
25	43	1
25	86	1
25	20	1
25	60	1
25	82	1
25	56	1
25	15	1
25	26	1
25	90	1
25	1	1
25	97	1
25	19	1
25	76	1
25	12	1
25	98	1
25	78	1
25	80	1
25	74	1
25	84	1
25	69	1
25	73	1
25	79	1
25	49	1
25	10	1
25	91	1
26	92	1
26	76	1
26	66	1
26	80	1
26	91	1
26	42	1
26	25	1
26	21	1
26	95	1
26	85	1
26	6	1
26	10	1
26	99	1
26	68	1
26	2	1
26	40	1
26	96	1
26	14	1
26	39	1
26	15	1
26	82	1
26	86	1
26	49	1
26	37	1
26	64	1
26	78	1
26	83	1
26	53	1
26	5	1
26	31	1
26	81	1
26	45	1
26	47	1
26	48	1
26	77	1
26	93	1
26	33	1
26	43	1
26	75	1
26	46	1
26	22	1
26	12	1
26	13	1
26	30	1
27	41	1
27	67	1
27	55	1
27	79	1
27	57	1
27	78	1
27	20	1
27	65	1
27	94	1
27	25	1
27	89	1
27	43	1
27	38	1
27	32	1
27	29	1
27	62	1
27	81	1
27	93	1
27	77	1
27	59	1
27	52	1
27	76	1
27	44	1
27	4	1
27	35	1
27	26	1
27	46	1
27	85	1
27	95	1
27	16	1
27	68	1
27	12	1
27	33	1
27	14	1
27	80	1
27	0	1
27	8	1
27	17	1
27	50	1
27	37	1
27	74	1
27	87	1
27	19	1
27	83	1
27	3	1
27	22	1
27	97	1
27	53	1
27	51	1
27	54	1
28	2	1
28	52	1
28	50	1
28	81	1
28	20	1
28	0	1
28	61	1
28	3	1
28	89	1
28	78	1
28	86	1
28	88	1
28	22	1
28	59	1
28	37	1
28	90	1
28	45	1
28	15	1
28	91	1
28	58	1
28	35	1
28	41	1
28	74	1
28	65	1
28	48	1
28	84	1
28	44	1
28	47	1
28	42	1
28	70	1
28	38	1
28	49	1
28	17	1
28	46	1
28	79	1
28	51	1
28	19	1
28	68	1
28	60	1
28	99	1
28	26	1
28	4	1
28	54	1
28	32	1
28	29	1
28	64	1
28	23	1
28	31	1
28	97	1
29	48	1
29	63	1
29	8	1
29	34	1
29	13	1
29	85	1
29	9	1
29	17	1
29	1	1
29	65	1
29	15	1
29	50	1
29	22	1
29	6	1
29	91	1
29	99	1
29	20	1
29	57	1
29	38	1
29	47	1
29	29	1
29	84	1
29	23	1
29	64	1
29	11	1
29	81	1
29	35	1
29	82	1
29	95	1
29	89	1
29	10	1
29	30	1
29	36	1
29	49	1
29	12	1
29	58	1
29	60	1
29	0	1
29	42	1
29	79	1
29	94	1
29	98	1
29	16	1
29	27	1
29	87	1
29	52	1
29	86	1
29	51	1
29	43	1
29	75	1
29	19	1
29	7	1
29	55	1
29	14	1
30	20	1
30	85	1
30	86	1
30	69	1
30	57	1
30	93	1
30	30	1
30	76	1
30	40	1
30	88	1
30	55	1
30	45	1
30	63	1
30	19	1
30	33	1
30	81	1
30	66	1
30	11	1
30	89	1
30	60	1
30	24	1
30	98	1
30	1	1
30	12	1
30	74	1
30	17	1
30	68	1
30	49	1
30	79	1
30	35	1
30	27	1
30	29	1
30	48	1
30	21	1
30	53	1
30	94	1
30	41	1
30	38	1
30	42	1
30	82	1
30	80	1
30	52	1
30	59	1
30	44	1
30	9	1
30	72	1
30	50	1
30	77	1
30	39	1
30	0	1
31	49	1
31	80	1
31	62	1
31	15	1
31	82	1
31	12	1
31	38	1
31	58	1
31	39	1
31	14	1
31	0	1
31	16	1
31	19	1
31	81	1
31	41	1
31	96	1
31	69	1
31	25	1
31	56	1
31	57	1
31	61	1
31	63	1
31	74	1
31	65	1
31	34	1
31	23	1
31	87	1
31	64	1
31	91	1
31	54	1
31	13	1
31	4	1
31	45	1
31	29	1
31	48	1
31	36	1
31	30	1
31	27	1
31	28	1
31	3	1
31	89	1
31	78	1
31	73	1
31	31	1
31	71	1
31	85	1
31	24	1
31	55	1
32	57	1
32	21	1
32	28	1
32	11	1
32	51	1
32	30	1
32	24	1
32	34	1
32	49	1
32	6	1
32	2	1
32	12	1
32	62	1
32	26	1
32	22	1
32	78	1
32	67	1
32	53	1
32	45	1
32	46	1
32	99	1
32	82	1
32	68	1
32	36	1
32	76	1
32	58	1
32	4	1
32	54	1
32	20	1
32	71	1
32	8	1
32	52	1
32	94	1
32	17	1
32	66	1
32	42	1
32	32	1
32	97	1
32	33	1
32	73	1
32	63	1
32	13	1
32	61	1
33	94	1
33	79	1
33	72	1
33	11	1
33	4	1
33	80	1
33	28	1
33	6	1
33	31	1
33	26	1
33	77	1
33	50	1
33	29	1
33	20	1
33	47	1
33	52	1
33	3	1
33	23	1
33	62	1
33	25	1
33	91	1
33	69	1
33	60	1
33	75	1
33	51	1
33	61	1
33	35	1
33	30	1
33	49	1
33	74	1
33	32	1
33	48	1
33	21	1
33	10	1
33	82	1
33	89	1
33	96	1
33	57	1
33	24	1
33	59	1
33	46	1
33	9	1
33	95	1
33	8	1
33	58	1
33	19	1
33	87	1
33	93	1
34	85	1
34	12	1
34	75	1
34	58	1
34	9	1
34	41	1
34	37	1
34	97	1
34	96	1
34	49	1
34	14	1
34	59	1
34	24	1
34	13	1
34	53	1
34	27	1
34	62	1
34	4	1
34	25	1
34	18	1
34	88	1
34	5	1
34	16	1
34	73	1
34	20	1
34	32	1
34	89	1
34	60	1
34	55	1
34	47	1
34	94	1
34	46	1
34	34	1
34	78	1
34	1	1
34	45	1
34	17	1
34	22	1
34	95	1
34	99	1
34	93	1
34	57	1
34	42	1
34	68	1
34	65	1
34	67	1
34	87	1
34	26	1
34	40	1
34	15	1
34	82	1
34	74	1
34	50	1
34	69	1
35	29	1
35	46	1
35	57	1
35	87	1
35	0	1
35	27	1
35	72	1
35	78	1
35	49	1
35	71	1
35	45	1
35	26	1
35	48	1
35	83	1
35	89	1
35	10	1
35	86	1
35	77	1
35	92	1
35	69	1
35	25	1
35	8	1
35	56	1
35	76	1
35	33	1
35	20	1
35	50	1
35	58	1
35	68	1
35	70	1
35	32	1
35	91	1
35	47	1
35	54	1
35	5	1
35	99	1
35	85	1
35	97	1
35	37	1
35	43	1
35	2	1
35	73	1
35	9	1
35	63	1
35	59	1
35	41	1
35	52	1
35	44	1
35	98	1
35	42	1
35	90	1
35	82	1
35	35	1
35	39	1
36	9	1
36	86	1
36	52	1
36	28	1
36	65	1
36	73	1
36	61	1
36	72	1
36	51	1
36	71	1
36	76	1
36	29	1
36	25	1
36	22	1
36	44	1
36	36	1
36	78	1
36	26	1
36	32	1
36	88	1
36	15	1
36	33	1
36	79	1
36	38	1
36	1	1
36	94	1
36	41	1
36	99	1
36	48	1
36	77	1
36	37	1
36	18	1
36	81	1
36	42	1
36	24	1
36	89	1
36	55	1
36	53	1
36	75	1
36	5	1
36	13	1
36	0	1
36	90	1
36	70	1
36	46	1
36	7	1
36	10	1
36	95	1
37	68	1
37	34	1
37	73	1
37	58	1
37	71	1
37	41	1
37	86	1
37	8	1
37	22	1
37	97	1
37	99	1
37	88	1
37	90	1
37	64	1
37	50	1
37	84	1
37	59	1
37	94	1
37	33	1
37	53	1
37	6	1
37	30	1
37	4	1
37	75	1
37	1	1
37	37	1
37	96	1
37	57	1
37	60	1
37	14	1
37	61	1
37	9	1
37	36	1
37	10	1
37	31	1
37	19	1
37	44	1
37	87	1
37	39	1
37	5	1
37	29	1
37	27	1
37	65	1
37	23	1
37	45	1
37	47	1
37	13	1
37	16	1
38	59	1
38	98	1
38	85	1
38	13	1
38	92	1
38	39	1
38	26	1
38	7	1
38	24	1
38	49	1
38	76	1
38	64	1
38	41	1
38	61	1
38	87	1
38	77	1
38	18	1
38	16	1
38	30	1
38	69	1
38	82	1
38	22	1
38	46	1
38	72	1
38	29	1
38	86	1
38	81	1
38	9	1
38	21	1
38	97	1
38	0	1
38	70	1
38	55	1
38	51	1
38	12	1
38	57	1
38	15	1
38	80	1
38	54	1
38	48	1
38	25	1
38	89	1
38	35	1
38	83	1
38	10	1
38	8	1
38	60	1
38	99	1
38	53	1
38	42	1
39	67	1
39	30	1
39	18	1
39	47	1
39	84	1
39	9	1
39	86	1
39	21	1
39	78	1
39	26	1
39	96	1
39	11	1
39	31	1
39	75	1
39	39	1
39	80	1
39	0	1
39	22	1
39	4	1
39	43	1
39	57	1
39	95	1
39	41	1
39	68	1
39	38	1
39	60	1
39	77	1
39	46	1
39	61	1
39	94	1
39	76	1
39	69	1
39	5	1
39	85	1
39	14	1
39	10	1
39	33	1
39	19	1
39	54	1
39	90	1
39	35	1
39	37	1
39	91	1
39	23	1
39	1	1
39	7	1
39	72	1
40	87	1
40	76	1
40	74	1
40	40	1
40	48	1
40	63	1
40	85	1
40	34	1
40	98	1
40	49	1
40	0	1
40	42	1
40	16	1
40	23	1
40	64	1
40	73	1
40	25	1
40	7	1
40	11	1
40	8	1
40	53	1
40	18	1
40	31	1
40	97	1
40	3	1
40	47	1
40	50	1
40	55	1
40	62	1
40	20	1
40	4	1
40	9	1
40	99	1
40	83	1
40	24	1
40	88	1
40	1	1
40	30	1
40	96	1
40	14	1
40	54	1
40	43	1
40	61	1
40	38	1
40	15	1
40	57	1
40	19	1
40	26	1
40	77	1
40	75	1
40	32	1
40	81	1
40	52	1
40	82	1
40	5	1
40	44	1
41	66	1
41	75	1
41	6	1
41	45	1
41	99	1
41	33	1
41	93	1
41	71	1
41	51	1
41	70	1
41	76	1
41	24	1
41	74	1
41	12	1
41	46	1
41	48	1
41	49	1
41	64	1
41	42	1
41	65	1
41	34	1
41	69	1
41	67	1
41	47	1
41	86	1
41	52	1
41	82	1
41	96	1
41	23	1
41	55	1
41	20	1
41	95	1
41	31	1
41	87	1
41	68	1
41	40	1
41	94	1
41	92	1
41	26	1
41	16	1
41	21	1
41	3	1
41	78	1
41	35	1
41	17	1
41	79	1
41	8	1
41	84	1
41	30	1
41	19	1
41	81	1
42	75	1
42	19	1
42	13	1
42	46	1
42	60	1
42	5	1
42	51	1
42	35	1
42	41	1
42	11	1
42	86	1
42	16	1
42	83	1
42	91	1
42	42	1
42	57	1
42	89	1
42	81	1
42	2	1
42	90	1
42	29	1
42	96	1
42	54	1
42	87	1
42	56	1
42	36	1
42	49	1
42	82	1
42	15	1
42	24	1
42	74	1
42	18	1
42	0	1
42	40	1
42	92	1
42	80	1
42	39	1
42	27	1
42	14	1
42	1	1
42	71	1
42	12	1
42	25	1
42	38	1
42	85	1
42	94	1
42	55	1
42	53	1
42	93	1
42	61	1
42	50	1
42	20	1
42	64	1
42	62	1
42	76	1
42	32	1
42	31	1
42	4	1
43	6	1
43	14	1
43	19	1
43	95	1
43	20	1
43	77	1
43	8	1
43	68	1
43	34	1
43	53	1
43	2	1
43	71	1
43	36	1
43	46	1
43	67	1
43	4	1
43	81	1
43	85	1
43	65	1
43	33	1
43	61	1
43	11	1
43	37	1
43	48	1
43	0	1
43	39	1
43	69	1
43	73	1
43	55	1
43	3	1
43	58	1
43	60	1
43	26	1
43	22	1
43	76	1
43	13	1
43	1	1
43	94	1
43	88	1
43	80	1
44	35	1
44	77	1
44	80	1
44	4	1
44	58	1
44	28	1
44	88	1
44	89	1
44	71	1
44	92	1
44	0	1
44	9	1
44	55	1
44	34	1
44	46	1
44	76	1
44	7	1
44	95	1
44	20	1
44	56	1
44	45	1
44	90	1
44	67	1
44	38	1
44	69	1
44	25	1
44	96	1
44	36	1
44	94	1
44	62	1
44	24	1
44	49	1
44	11	1
44	12	1
44	18	1
44	16	1
44	78	1
44	84	1
44	97	1
44	26	1
44	6	1
44	65	1
44	8	1
44	93	1
44	81	1
44	39	1
44	54	1
44	51	1
44	19	1
45	19	1
45	97	1
45	50	1
45	21	1
45	61	1
45	36	1
45	67	1
45	5	1
45	78	1
45	88	1
45	8	1
45	87	1
45	30	1
45	89	1
45	10	1
45	34	1
45	31	1
45	4	1
45	76	1
45	25	1
45	83	1
45	45	1
45	74	1
45	29	1
45	92	1
45	3	1
45	94	1
45	60	1
45	80	1
45	13	1
45	26	1
45	52	1
45	33	1
45	12	1
45	24	1
45	81	1
45	15	1
45	64	1
45	95	1
45	62	1
45	9	1
45	38	1
45	51	1
45	14	1
45	57	1
45	82	1
45	69	1
45	73	1
45	16	1
45	20	1
45	1	1
45	39	1
46	30	1
46	68	1
46	62	1
46	84	1
46	94	1
46	6	1
46	75	1
46	97	1
46	12	1
46	56	1
46	0	1
46	17	1
46	15	1
46	43	1
46	55	1
46	95	1
46	99	1
46	36	1
46	73	1
46	26	1
46	32	1
46	14	1
46	59	1
46	71	1
46	77	1
46	45	1
46	54	1
46	11	1
46	57	1
46	74	1
46	19	1
46	67	1
46	76	1
46	25	1
46	34	1
46	47	1
46	52	1
46	58	1
46	8	1
46	86	1
46	88	1
46	51	1
46	3	1
46	28	1
46	4	1
46	46	1
46	87	1
46	2	1
46	13	1
47	8	1
47	0	1
47	11	1
47	74	1
47	3	1
47	36	1
47	17	1
47	20	1
47	28	1
47	13	1
47	14	1
47	64	1
47	16	1
47	45	1
47	49	1
47	19	1
47	68	1
47	86	1
47	79	1
47	72	1
47	1	1
47	80	1
47	7	1
47	10	1
47	81	1
47	70	1
47	9	1
47	92	1
47	27	1
47	39	1
47	15	1
47	46	1
47	56	1
47	30	1
47	67	1
47	89	1
47	25	1
47	40	1
47	47	1
47	44	1
47	90	1
47	60	1
47	52	1
47	57	1
47	59	1
47	4	1
47	65	1
47	54	1
47	88	1
47	5	1
47	43	1
47	96	1
47	93	1
47	18	1
48	81	1
48	0	1
48	92	1
48	84	1
48	34	1
48	76	1
48	90	1
48	79	1
48	74	1
48	41	1
48	36	1
48	60	1
48	80	1
48	56	1
48	62	1
48	53	1
48	44	1
48	49	1
48	52	1
48	30	1
48	17	1
48	89	1
48	1	1
48	78	1
48	3	1
48	45	1
48	69	1
48	22	1
48	33	1
48	27	1
48	40	1
48	14	1
48	54	1
48	9	1
48	75	1
48	15	1
48	5	1
48	57	1
48	8	1
48	7	1
49	70	1
49	97	1
49	63	1
49	22	1
49	77	1
49	20	1
49	87	1
49	43	1
49	92	1
49	34	1
49	64	1
49	33	1
49	57	1
49	69	1
49	79	1
49	93	1
49	44	1
49	45	1
49	84	1
49	3	1
49	67	1
49	56	1
49	31	1
49	74	1
49	88	1
49	8	1
49	32	1
49	28	1
49	24	1
49	7	1
49	9	1
49	38	1
49	54	1
49	95	1
49	96	1
49	81	1
49	86	1
49	21	1
49	27	1
49	85	1
49	18	1
49	5	1
49	83	1
49	46	1
49	10	1
49	94	1
49	14	1
49	82	1
49	73	1
49	76	1
50	35	1
50	51	1
50	79	1
50	8	1
50	50	1
50	10	1
50	98	1
50	20	1
50	64	1
50	81	1
50	57	1
50	33	1
50	67	1
50	24	1
50	34	1
50	5	1
50	71	1
50	66	1
50	69	1
50	2	1
50	29	1
50	43	1
50	86	1
50	96	1
50	90	1
50	75	1
50	22	1
50	11	1
50	78	1
50	91	1
50	82	1
50	16	1
50	92	1
50	4	1
50	14	1
50	53	1
50	38	1
50	21	1
50	19	1
50	76	1
50	85	1
50	39	1
50	52	1
50	9	1
50	95	1
50	3	1
50	88	1
50	49	1
50	40	1
50	63	1
50	1	1
50	6	1
50	56	1
50	7	1
50	77	1
50	25	1
50	65	1
51	54	1
51	62	1
51	73	1
51	64	1
51	16	1
51	90	1
51	98	1
51	99	1
51	5	1
51	81	1
51	22	1
51	71	1
51	0	1
51	70	1
51	80	1
51	63	1
51	48	1
51	58	1
51	43	1
51	53	1
51	12	1
51	69	1
51	33	1
51	45	1
51	59	1
51	28	1
51	83	1
51	38	1
51	27	1
51	37	1
51	97	1
51	84	1
51	88	1
51	85	1
51	68	1
51	60	1
51	61	1
51	79	1
51	95	1
51	41	1
51	67	1
51	36	1
51	96	1
51	65	1
51	24	1
51	94	1
51	34	1
51	29	1
51	50	1
52	30	1
52	1	1
52	14	1
52	21	1
52	49	1
52	17	1
52	41	1
52	88	1
52	5	1
52	81	1
52	42	1
52	66	1
52	9	1
52	40	1
52	71	1
52	51	1
52	24	1
52	73	1
52	20	1
52	94	1
52	59	1
52	16	1
52	45	1
52	56	1
52	48	1
52	27	1
52	69	1
52	8	1
52	89	1
52	91	1
52	79	1
52	11	1
52	86	1
52	67	1
52	13	1
52	52	1
52	44	1
52	3	1
52	26	1
52	6	1
52	84	1
52	35	1
52	82	1
52	99	1
52	70	1
53	64	1
53	35	1
53	9	1
53	40	1
53	67	1
53	55	1
53	95	1
53	27	1
53	26	1
53	5	1
53	13	1
53	83	1
53	30	1
53	77	1
53	89	1
53	66	1
53	94	1
53	93	1
53	70	1
53	68	1
53	52	1
53	99	1
53	8	1
53	87	1
53	4	1
53	98	1
53	56	1
53	12	1
53	3	1
53	92	1
53	63	1
53	81	1
53	21	1
53	34	1
53	50	1
53	75	1
53	45	1
53	33	1
53	85	1
53	62	1
53	58	1
53	20	1
53	22	1
53	29	1
53	7	1
53	54	1
53	59	1
53	65	1
53	72	1
53	48	1
53	61	1
53	69	1
53	10	1
53	32	1
53	17	1
53	0	1
53	31	1
53	24	1
53	71	1
54	26	1
54	85	1
54	25	1
54	93	1
54	5	1
54	72	1
54	90	1
54	22	1
54	88	1
54	68	1
54	41	1
54	40	1
54	33	1
54	98	1
54	2	1
54	43	1
54	48	1
54	38	1
54	42	1
54	51	1
54	23	1
54	30	1
54	39	1
54	6	1
54	71	1
54	24	1
54	35	1
54	55	1
54	69	1
54	79	1
54	20	1
54	64	1
54	61	1
54	96	1
54	56	1
54	21	1
54	16	1
54	92	1
54	99	1
54	28	1
54	49	1
54	8	1
54	34	1
54	84	1
54	77	1
54	29	1
54	63	1
54	14	1
54	75	1
54	32	1
54	83	1
54	11	1
54	44	1
54	31	1
54	18	1
55	75	1
55	50	1
55	21	1
55	36	1
55	39	1
55	25	1
55	30	1
55	90	1
55	48	1
55	68	1
55	26	1
55	88	1
55	9	1
55	91	1
55	65	1
55	43	1
55	44	1
55	15	1
55	86	1
55	89	1
55	18	1
55	16	1
55	73	1
55	79	1
55	31	1
55	83	1
55	81	1
55	74	1
55	41	1
55	56	1
55	14	1
55	42	1
55	53	1
55	77	1
55	98	1
55	60	1
55	33	1
55	45	1
55	69	1
55	57	1
55	35	1
55	27	1
55	96	1
55	8	1
55	95	1
55	23	1
55	17	1
55	59	1
55	32	1
55	82	1
55	71	1
55	22	1
56	23	1
56	5	1
56	19	1
56	84	1
56	73	1
56	43	1
56	56	1
56	16	1
56	28	1
56	96	1
56	13	1
56	37	1
56	76	1
56	93	1
56	25	1
56	34	1
56	83	1
56	29	1
56	80	1
56	65	1
56	42	1
56	22	1
56	94	1
56	62	1
56	35	1
56	99	1
56	36	1
56	33	1
56	86	1
56	2	1
56	27	1
56	30	1
56	20	1
56	17	1
56	90	1
56	60	1
56	39	1
56	79	1
56	64	1
56	88	1
56	87	1
56	70	1
56	50	1
57	41	1
57	67	1
57	64	1
57	65	1
57	57	1
57	10	1
57	43	1
57	98	1
57	80	1
57	4	1
57	16	1
57	61	1
57	39	1
57	48	1
57	81	1
57	13	1
57	94	1
57	49	1
57	83	1
57	33	1
57	68	1
57	38	1
57	28	1
57	97	1
57	17	1
57	95	1
57	82	1
57	21	1
57	85	1
57	32	1
57	23	1
57	35	1
57	72	1
57	5	1
57	52	1
57	0	1
57	63	1
57	7	1
57	73	1
57	92	1
57	93	1
57	56	1
57	9	1
57	6	1
57	84	1
57	1	1
57	76	1
57	78	1
57	11	1
57	58	1
57	77	1
57	47	1
57	99	1
57	88	1
58	77	1
58	26	1
58	65	1
58	98	1
58	30	1
58	21	1
58	50	1
58	28	1
58	85	1
58	27	1
58	72	1
58	11	1
58	68	1
58	3	1
58	78	1
58	49	1
58	32	1
58	43	1
58	86	1
58	17	1
58	7	1
58	94	1
58	80	1
58	67	1
58	48	1
58	46	1
58	9	1
58	31	1
58	79	1
58	6	1
58	96	1
58	18	1
58	58	1
58	74	1
58	44	1
58	88	1
58	71	1
58	66	1
58	81	1
58	92	1
58	23	1
58	13	1
58	34	1
58	53	1
58	75	1
58	19	1
58	12	1
58	89	1
58	64	1
58	35	1
59	97	1
59	3	1
59	4	1
59	56	1
59	86	1
59	17	1
59	73	1
59	96	1
59	83	1
59	92	1
59	60	1
59	45	1
59	24	1
59	98	1
59	87	1
59	69	1
59	44	1
59	41	1
59	90	1
59	21	1
59	75	1
59	94	1
59	37	1
59	79	1
59	59	1
59	26	1
59	51	1
59	35	1
59	68	1
59	39	1
59	27	1
59	85	1
59	19	1
59	15	1
59	11	1
59	67	1
59	16	1
59	14	1
59	5	1
59	88	1
59	10	1
59	7	1
59	57	1
59	46	1
59	82	1
59	43	1
60	75	1
60	16	1
60	98	1
60	28	1
60	17	1
60	43	1
60	62	1
60	14	1
60	90	1
60	34	1
60	69	1
60	83	1
60	89	1
60	30	1
60	92	1
60	19	1
60	0	1
60	9	1
60	45	1
60	25	1
60	59	1
60	86	1
60	96	1
60	58	1
60	29	1
60	99	1
60	21	1
60	54	1
60	77	1
60	49	1
60	7	1
60	10	1
60	55	1
60	27	1
60	66	1
60	11	1
60	82	1
60	41	1
60	32	1
60	73	1
60	72	1
60	80	1
60	5	1
60	13	1
60	95	1
60	37	1
60	2	1
60	52	1
60	47	1
60	46	1
60	3	1
60	4	1
60	74	1
60	22	1
60	88	1
60	23	1
60	85	1
60	33	1
60	15	1
61	36	1
61	27	1
61	71	1
61	50	1
61	63	1
61	0	1
61	95	1
61	29	1
61	91	1
61	97	1
61	56	1
61	58	1
61	77	1
61	86	1
61	33	1
61	51	1
61	31	1
61	9	1
61	20	1
61	79	1
61	23	1
61	90	1
61	22	1
61	53	1
61	62	1
61	5	1
61	42	1
61	85	1
61	96	1
61	75	1
61	61	1
61	84	1
61	78	1
61	39	1
61	72	1
61	94	1
61	38	1
61	59	1
61	3	1
61	14	1
61	25	1
61	19	1
61	60	1
61	11	1
61	17	1
61	76	1
61	10	1
61	18	1
61	45	1
61	15	1
61	34	1
61	21	1
61	80	1
61	69	1
62	15	1
62	60	1
62	69	1
62	82	1
62	14	1
62	98	1
62	74	1
62	89	1
62	27	1
62	53	1
62	3	1
62	18	1
62	5	1
62	95	1
62	85	1
62	65	1
62	0	1
62	68	1
62	2	1
62	1	1
62	38	1
62	71	1
62	26	1
62	80	1
62	83	1
62	7	1
62	66	1
62	16	1
62	94	1
62	56	1
62	75	1
62	67	1
62	31	1
62	72	1
62	79	1
62	64	1
62	90	1
62	62	1
62	61	1
62	12	1
62	20	1
62	45	1
62	13	1
62	40	1
62	86	1
62	39	1
62	93	1
62	34	1
63	37	1
63	39	1
63	92	1
63	76	1
63	53	1
63	99	1
63	65	1
63	20	1
63	11	1
63	55	1
63	26	1
63	98	1
63	42	1
63	14	1
63	62	1
63	6	1
63	51	1
63	48	1
63	7	1
63	79	1
63	86	1
63	94	1
63	60	1
63	10	1
63	49	1
63	95	1
63	96	1
63	80	1
63	23	1
63	81	1
63	93	1
63	84	1
63	85	1
63	18	1
63	5	1
63	52	1
63	25	1
63	19	1
63	30	1
63	22	1
63	3	1
63	28	1
63	13	1
63	70	1
63	71	1
63	12	1
63	4	1
63	47	1
63	45	1
63	74	1
63	83	1
64	41	1
64	33	1
64	64	1
64	52	1
64	34	1
64	28	1
64	56	1
64	63	1
64	16	1
64	11	1
64	40	1
64	66	1
64	21	1
64	74	1
64	51	1
64	58	1
64	92	1
64	17	1
64	5	1
64	8	1
64	4	1
64	67	1
64	10	1
64	7	1
64	84	1
64	80	1
64	73	1
64	88	1
64	97	1
64	86	1
64	22	1
64	13	1
64	18	1
64	19	1
64	6	1
64	61	1
64	99	1
64	44	1
64	25	1
64	26	1
64	76	1
64	43	1
64	95	1
64	69	1
64	82	1
64	27	1
64	49	1
64	46	1
64	39	1
64	50	1
64	78	1
64	42	1
65	77	1
65	75	1
65	90	1
65	33	1
65	34	1
65	19	1
65	42	1
65	1	1
65	14	1
65	96	1
65	17	1
65	6	1
65	11	1
65	21	1
65	39	1
65	65	1
65	97	1
65	15	1
65	10	1
65	92	1
65	79	1
65	0	1
65	89	1
65	62	1
65	51	1
65	99	1
65	30	1
65	50	1
65	88	1
65	58	1
65	31	1
65	72	1
65	55	1
65	91	1
65	13	1
65	66	1
65	28	1
65	16	1
65	64	1
65	59	1
65	73	1
65	35	1
65	98	1
65	78	1
65	37	1
65	45	1
65	20	1
65	93	1
66	94	1
66	39	1
66	60	1
66	55	1
66	98	1
66	82	1
66	92	1
66	87	1
66	44	1
66	28	1
66	16	1
66	58	1
66	70	1
66	23	1
66	12	1
66	10	1
66	71	1
66	81	1
66	1	1
66	77	1
66	62	1
66	80	1
66	8	1
66	20	1
66	57	1
66	59	1
66	79	1
66	97	1
66	33	1
66	3	1
66	64	1
66	96	1
66	4	1
66	69	1
66	24	1
66	11	1
66	15	1
66	22	1
66	68	1
66	85	1
66	95	1
66	52	1
66	48	1
66	36	1
66	46	1
66	49	1
66	67	1
66	83	1
66	5	1
66	63	1
66	35	1
66	9	1
67	5	1
67	85	1
67	94	1
67	37	1
67	87	1
67	66	1
67	96	1
67	9	1
67	75	1
67	61	1
67	73	1
67	26	1
67	8	1
67	72	1
67	90	1
67	97	1
67	21	1
67	51	1
67	20	1
67	67	1
67	88	1
67	38	1
67	24	1
67	83	1
67	30	1
67	48	1
67	50	1
67	65	1
67	78	1
67	36	1
67	6	1
67	54	1
67	13	1
67	23	1
67	53	1
67	82	1
67	12	1
67	71	1
67	14	1
67	33	1
67	92	1
68	3	1
68	49	1
68	66	1
68	57	1
68	61	1
68	98	1
68	6	1
68	39	1
68	92	1
68	31	1
68	78	1
68	37	1
68	93	1
68	17	1
68	62	1
68	18	1
68	88	1
68	50	1
68	73	1
68	28	1
68	86	1
68	11	1
68	82	1
68	40	1
68	54	1
68	34	1
68	32	1
68	97	1
68	81	1
68	36	1
68	43	1
68	83	1
68	56	1
68	75	1
68	8	1
68	65	1
68	84	1
68	96	1
68	26	1
68	38	1
68	7	1
68	44	1
68	55	1
68	12	1
68	42	1
68	4	1
68	22	1
68	58	1
68	46	1
68	2	1
68	94	1
68	53	1
69	55	1
69	70	1
69	71	1
69	91	1
69	3	1
69	40	1
69	34	1
69	28	1
69	56	1
69	11	1
69	74	1
69	62	1
69	87	1
69	93	1
69	26	1
69	84	1
69	30	1
69	29	1
69	85	1
69	83	1
69	99	1
69	78	1
69	13	1
69	80	1
69	63	1
69	32	1
69	21	1
69	94	1
69	20	1
69	59	1
69	61	1
69	4	1
69	22	1
69	72	1
69	36	1
69	42	1
69	0	1
69	8	1
69	24	1
69	41	1
69	95	1
69	33	1
69	17	1
69	35	1
69	37	1
69	73	1
69	5	1
69	9	1
69	14	1
69	46	1
69	45	1
69	23	1
70	84	1
70	94	1
70	2	1
70	27	1
70	71	1
70	15	1
70	96	1
70	63	1
70	1	1
70	72	1
70	73	1
70	24	1
70	53	1
70	50	1
70	36	1
70	51	1
70	57	1
70	43	1
70	70	1
70	19	1
70	31	1
70	91	1
70	28	1
70	69	1
70	21	1
70	59	1
70	32	1
70	26	1
70	42	1
70	46	1
70	58	1
70	8	1
70	95	1
70	22	1
70	55	1
70	80	1
70	29	1
70	18	1
70	12	1
70	3	1
70	89	1
70	16	1
70	17	1
71	54	1
71	19	1
71	34	1
71	12	1
71	81	1
71	78	1
71	43	1
71	21	1
71	13	1
71	91	1
71	37	1
71	5	1
71	59	1
71	47	1
71	83	1
71	93	1
71	30	1
71	80	1
71	69	1
71	2	1
71	51	1
71	18	1
71	58	1
71	85	1
71	63	1
71	57	1
71	28	1
71	56	1
71	16	1
71	0	1
71	31	1
71	86	1
71	26	1
71	49	1
71	71	1
71	75	1
71	74	1
71	55	1
71	17	1
71	4	1
71	98	1
71	6	1
71	3	1
71	96	1
71	64	1
71	62	1
72	31	1
72	21	1
72	19	1
72	5	1
72	42	1
72	22	1
72	16	1
72	71	1
72	57	1
72	94	1
72	32	1
72	38	1
72	65	1
72	40	1
72	97	1
72	10	1
72	52	1
72	63	1
72	79	1
72	77	1
72	39	1
72	53	1
72	88	1
72	58	1
72	35	1
72	68	1
72	43	1
72	83	1
72	56	1
72	96	1
72	59	1
72	72	1
72	8	1
72	24	1
72	26	1
72	89	1
72	15	1
72	25	1
72	28	1
72	20	1
72	6	1
72	33	1
72	60	1
72	47	1
72	30	1
72	34	1
72	49	1
72	13	1
73	7	1
73	13	1
73	96	1
73	61	1
73	68	1
73	77	1
73	6	1
73	45	1
73	1	1
73	3	1
73	65	1
73	27	1
73	60	1
73	33	1
73	26	1
73	99	1
73	48	1
73	46	1
73	70	1
73	52	1
73	74	1
73	28	1
73	36	1
73	2	1
73	88	1
73	85	1
73	56	1
73	53	1
73	42	1
73	47	1
73	83	1
73	22	1
73	12	1
73	79	1
73	69	1
73	75	1
73	84	1
73	20	1
73	54	1
73	97	1
73	34	1
73	0	1
73	37	1
73	98	1
73	95	1
73	62	1
73	49	1
73	92	1
73	44	1
73	23	1
73	35	1
73	66	1
73	80	1
73	59	1
73	24	1
73	5	1
73	57	1
73	72	1
73	86	1
73	4	1
73	39	1
73	51	1
73	14	1
74	59	1
74	61	1
74	55	1
74	53	1
74	76	1
74	94	1
74	91	1
74	10	1
74	60	1
74	45	1
74	23	1
74	2	1
74	64	1
74	74	1
74	48	1
74	19	1
74	95	1
74	25	1
74	46	1
74	15	1
74	54	1
74	57	1
74	56	1
74	77	1
74	22	1
74	63	1
74	97	1
74	32	1
74	92	1
74	73	1
74	29	1
74	39	1
74	85	1
74	9	1
74	36	1
74	41	1
74	79	1
74	69	1
74	89	1
74	68	1
74	78	1
74	30	1
74	17	1
74	14	1
74	62	1
75	70	1
75	66	1
75	67	1
75	30	1
75	21	1
75	9	1
75	16	1
75	26	1
75	98	1
75	47	1
75	0	1
75	80	1
75	73	1
75	72	1
75	37	1
75	89	1
75	2	1
75	94	1
75	55	1
75	48	1
75	17	1
75	6	1
75	82	1
75	32	1
75	93	1
75	75	1
75	97	1
75	11	1
75	59	1
75	3	1
75	60	1
75	12	1
75	35	1
75	84	1
75	24	1
75	53	1
75	52	1
75	25	1
75	79	1
75	63	1
75	27	1
75	77	1
75	36	1
75	28	1
75	31	1
75	65	1
75	71	1
75	50	1
75	64	1
75	33	1
75	96	1
75	81	1
75	90	1
75	40	1
76	9	1
76	21	1
76	98	1
76	48	1
76	74	1
76	20	1
76	8	1
76	85	1
76	35	1
76	3	1
76	86	1
76	58	1
76	50	1
76	63	1
76	46	1
76	13	1
76	99	1
76	15	1
76	93	1
76	64	1
76	82	1
76	12	1
76	79	1
76	70	1
76	61	1
76	51	1
76	4	1
76	18	1
76	11	1
76	29	1
76	53	1
76	41	1
76	37	1
76	57	1
76	77	1
76	72	1
76	54	1
76	75	1
76	92	1
76	32	1
76	91	1
76	19	1
76	71	1
76	60	1
76	78	1
76	22	1
76	23	1
76	10	1
77	60	1
77	39	1
77	48	1
77	83	1
77	2	1
77	31	1
77	10	1
77	36	1
77	32	1
77	47	1
77	98	1
77	52	1
77	42	1
77	16	1
77	18	1
77	57	1
77	88	1
77	20	1
77	64	1
77	63	1
77	8	1
77	22	1
77	70	1
77	59	1
77	43	1
77	55	1
77	17	1
77	44	1
77	89	1
77	14	1
77	77	1
77	85	1
77	79	1
77	11	1
77	76	1
77	29	1
77	12	1
77	19	1
77	5	1
77	25	1
77	1	1
77	15	1
77	99	1
77	71	1
77	94	1
77	30	1
77	65	1
77	90	1
77	54	1
77	81	1
77	72	1
77	75	1
77	41	1
77	50	1
78	67	1
78	93	1
78	45	1
78	90	1
78	49	1
78	15	1
78	27	1
78	47	1
78	69	1
78	23	1
78	10	1
78	3	1
78	12	1
78	48	1
78	75	1
78	87	1
78	9	1
78	59	1
78	40	1
78	34	1
78	37	1
78	14	1
78	19	1
78	70	1
78	24	1
78	89	1
78	18	1
78	31	1
78	22	1
78	80	1
78	39	1
78	5	1
78	95	1
78	16	1
78	88	1
78	78	1
78	54	1
78	58	1
78	81	1
78	97	1
78	29	1
78	1	1
78	85	1
79	61	1
79	16	1
79	71	1
79	53	1
79	59	1
79	13	1
79	48	1
79	46	1
79	52	1
79	99	1
79	63	1
79	87	1
79	40	1
79	2	1
79	14	1
79	51	1
79	30	1
79	41	1
79	73	1
79	45	1
79	60	1
79	89	1
79	58	1
79	25	1
79	91	1
79	18	1
79	97	1
79	20	1
79	29	1
79	67	1
79	3	1
79	84	1
79	65	1
79	90	1
79	10	1
79	79	1
79	78	1
79	54	1
79	80	1
79	11	1
79	82	1
79	33	1
79	21	1
79	83	1
79	15	1
79	43	1
80	61	1
80	79	1
80	63	1
80	44	1
80	18	1
80	57	1
80	35	1
80	83	1
80	59	1
80	39	1
80	82	1
80	22	1
80	16	1
80	46	1
80	20	1
80	24	1
80	8	1
80	21	1
80	42	1
80	7	1
80	30	1
80	98	1
80	89	1
80	92	1
80	60	1
80	36	1
80	5	1
80	9	1
80	88	1
80	69	1
80	32	1
80	23	1
80	86	1
80	80	1
80	91	1
80	81	1
80	43	1
80	93	1
80	58	1
80	78	1
80	11	1
80	95	1
80	74	1
80	56	1
80	53	1
80	90	1
80	76	1
80	45	1
81	83	1
81	59	1
81	70	1
81	23	1
81	75	1
81	40	1
81	13	1
81	31	1
81	39	1
81	87	1
81	18	1
81	82	1
81	28	1
81	99	1
81	79	1
81	33	1
81	88	1
81	97	1
81	14	1
81	69	1
81	96	1
81	44	1
81	32	1
81	58	1
81	12	1
81	52	1
81	30	1
81	81	1
81	0	1
81	8	1
81	27	1
81	19	1
81	93	1
81	92	1
81	65	1
81	41	1
81	61	1
81	38	1
81	76	1
81	55	1
81	25	1
81	63	1
81	53	1
81	5	1
81	78	1
81	48	1
81	54	1
81	66	1
81	67	1
81	84	1
81	68	1
81	29	1
81	98	1
81	85	1
82	6	1
82	63	1
82	98	1
82	81	1
82	39	1
82	60	1
82	14	1
82	19	1
82	12	1
82	95	1
82	74	1
82	93	1
82	61	1
82	88	1
82	90	1
82	37	1
82	46	1
82	68	1
82	16	1
82	57	1
82	62	1
82	9	1
82	21	1
82	51	1
82	78	1
82	40	1
82	32	1
82	56	1
82	64	1
82	70	1
82	0	1
82	52	1
82	91	1
82	89	1
82	22	1
82	59	1
82	82	1
82	45	1
82	7	1
82	35	1
82	71	1
82	87	1
82	86	1
82	25	1
82	36	1
82	31	1
82	4	1
82	75	1
82	41	1
82	80	1
82	66	1
83	98	1
83	83	1
83	79	1
83	35	1
83	5	1
83	99	1
83	13	1
83	74	1
83	50	1
83	45	1
83	23	1
83	15	1
83	39	1
83	51	1
83	77	1
83	44	1
83	12	1
83	48	1
83	18	1
83	93	1
83	91	1
83	60	1
83	56	1
83	66	1
83	73	1
83	52	1
83	57	1
83	11	1
83	28	1
83	8	1
83	29	1
83	20	1
83	70	1
83	21	1
83	85	1
83	86	1
83	43	1
83	58	1
83	94	1
83	69	1
83	24	1
83	6	1
83	27	1
83	1	1
83	7	1
83	65	1
83	36	1
84	9	1
84	69	1
84	36	1
84	25	1
84	2	1
84	28	1
84	51	1
84	19	1
84	13	1
84	61	1
84	91	1
84	34	1
84	33	1
84	53	1
84	84	1
84	77	1
84	31	1
84	96	1
84	45	1
84	74	1
84	56	1
84	98	1
84	93	1
84	50	1
84	85	1
84	32	1
84	44	1
84	6	1
84	86	1
84	57	1
84	0	1
84	83	1
84	7	1
84	16	1
84	37	1
84	20	1
84	41	1
84	52	1
84	54	1
84	63	1
84	21	1
84	26	1
84	1	1
84	68	1
85	3	1
85	55	1
85	63	1
85	56	1
85	69	1
85	59	1
85	57	1
85	42	1
85	33	1
85	48	1
85	17	1
85	82	1
85	93	1
85	4	1
85	2	1
85	75	1
85	14	1
85	44	1
85	9	1
85	96	1
85	6	1
85	68	1
85	92	1
85	27	1
85	40	1
85	7	1
85	49	1
85	21	1
85	12	1
85	8	1
85	86	1
85	66	1
85	39	1
85	51	1
85	58	1
85	24	1
85	25	1
85	10	1
85	46	1
85	47	1
85	78	1
85	77	1
85	88	1
85	11	1
85	28	1
85	19	1
85	67	1
85	97	1
85	71	1
85	76	1
86	52	1
86	12	1
86	91	1
86	94	1
86	40	1
86	72	1
86	62	1
86	11	1
86	39	1
86	77	1
86	49	1
86	51	1
86	86	1
86	67	1
86	14	1
86	30	1
86	33	1
86	55	1
86	17	1
86	9	1
86	6	1
86	23	1
86	21	1
86	85	1
86	88	1
86	2	1
86	13	1
86	27	1
86	70	1
86	45	1
86	32	1
86	87	1
86	41	1
86	19	1
86	60	1
86	15	1
86	97	1
86	29	1
86	93	1
86	31	1
86	7	1
86	5	1
86	59	1
86	71	1
86	10	1
86	76	1
86	69	1
86	53	1
87	90	1
87	73	1
87	7	1
87	58	1
87	94	1
87	8	1
87	42	1
87	32	1
87	21	1
87	53	1
87	15	1
87	19	1
87	1	1
87	24	1
87	35	1
87	43	1
87	83	1
87	30	1
87	44	1
87	69	1
87	51	1
87	50	1
87	17	1
87	66	1
87	45	1
87	81	1
87	52	1
87	63	1
87	65	1
87	2	1
87	99	1
87	55	1
87	25	1
87	60	1
87	86	1
87	74	1
87	39	1
87	37	1
87	68	1
87	48	1
87	20	1
87	46	1
87	27	1
87	12	1
87	98	1
87	89	1
87	22	1
87	41	1
87	3	1
87	13	1
88	32	1
88	42	1
88	34	1
88	63	1
88	99	1
88	88	1
88	30	1
88	94	1
88	93	1
88	36	1
88	56	1
88	25	1
88	46	1
88	2	1
88	4	1
88	8	1
88	38	1
88	69	1
88	68	1
88	55	1
88	16	1
88	35	1
88	74	1
88	87	1
88	43	1
88	20	1
88	77	1
88	6	1
88	96	1
88	90	1
88	50	1
88	39	1
88	24	1
88	28	1
88	1	1
88	60	1
88	70	1
88	86	1
88	61	1
88	40	1
88	97	1
88	15	1
88	45	1
88	22	1
88	23	1
88	14	1
88	54	1
88	47	1
88	59	1
88	98	1
88	62	1
88	7	1
88	0	1
88	52	1
88	80	1
88	76	1
88	64	1
88	41	1
88	26	1
89	13	1
89	96	1
89	4	1
89	17	1
89	60	1
89	26	1
89	63	1
89	55	1
89	8	1
89	73	1
89	83	1
89	79	1
89	35	1
89	20	1
89	23	1
89	75	1
89	84	1
89	12	1
89	53	1
89	28	1
89	59	1
89	71	1
89	34	1
89	82	1
89	10	1
89	54	1
89	21	1
89	87	1
89	30	1
89	44	1
89	62	1
89	46	1
89	92	1
89	39	1
89	93	1
89	1	1
89	38	1
89	3	1
89	56	1
89	25	1
89	74	1
89	14	1
89	24	1
89	98	1
89	36	1
89	97	1
89	64	1
89	22	1
89	89	1
89	94	1
90	86	1
90	7	1
90	99	1
90	6	1
90	76	1
90	22	1
90	27	1
90	84	1
90	80	1
90	74	1
90	85	1
90	37	1
90	20	1
90	38	1
90	48	1
90	2	1
90	51	1
90	97	1
90	61	1
90	98	1
90	40	1
90	95	1
90	73	1
90	81	1
90	15	1
90	21	1
90	17	1
90	53	1
90	94	1
90	13	1
90	77	1
90	32	1
90	87	1
90	78	1
90	39	1
90	57	1
90	89	1
90	8	1
90	65	1
90	59	1
90	49	1
90	58	1
90	4	1
90	36	1
90	31	1
90	83	1
90	82	1
90	62	1
90	16	1
90	26	1
90	70	1
90	56	1
90	75	1
90	0	1
90	12	1
90	96	1
90	30	1
90	24	1
90	19	1
91	75	1
91	77	1
91	18	1
91	54	1
91	5	1
91	46	1
91	89	1
91	34	1
91	31	1
91	68	1
91	92	1
91	59	1
91	95	1
91	7	1
91	43	1
91	84	1
91	88	1
91	48	1
91	94	1
91	87	1
91	58	1
91	32	1
91	23	1
91	93	1
91	4	1
91	2	1
91	13	1
91	14	1
91	55	1
91	28	1
91	47	1
91	24	1
91	72	1
91	15	1
91	73	1
91	98	1
91	65	1
91	99	1
91	22	1
91	62	1
91	10	1
91	39	1
91	52	1
91	12	1
91	69	1
91	33	1
91	66	1
92	66	1
92	33	1
92	48	1
92	71	1
92	15	1
92	83	1
92	46	1
92	49	1
92	62	1
92	64	1
92	86	1
92	85	1
92	52	1
92	87	1
92	96	1
92	22	1
92	51	1
92	59	1
92	20	1
92	78	1
92	63	1
92	45	1
92	82	1
92	36	1
92	29	1
92	81	1
92	42	1
92	58	1
92	61	1
92	41	1
92	89	1
92	68	1
92	12	1
92	54	1
92	21	1
92	39	1
92	16	1
92	9	1
92	55	1
92	5	1
92	2	1
92	38	1
92	92	1
92	11	1
92	19	1
92	99	1
93	9	1
93	62	1
93	87	1
93	42	1
93	32	1
93	83	1
93	47	1
93	84	1
93	14	1
93	0	1
93	18	1
93	16	1
93	75	1
93	64	1
93	6	1
93	97	1
93	29	1
93	61	1
93	70	1
93	85	1
93	40	1
93	73	1
93	1	1
93	36	1
93	66	1
93	39	1
93	65	1
93	72	1
93	74	1
93	98	1
93	63	1
93	80	1
93	59	1
93	93	1
93	35	1
93	45	1
93	55	1
93	7	1
93	31	1
93	71	1
93	23	1
93	27	1
93	96	1
93	44	1
93	10	1
93	51	1
93	77	1
93	24	1
93	50	1
93	22	1
93	30	1
93	88	1
93	26	1
93	48	1
94	59	1
94	10	1
94	66	1
94	68	1
94	13	1
94	78	1
94	79	1
94	67	1
94	90	1
94	11	1
94	36	1
94	87	1
94	51	1
94	12	1
94	84	1
94	74	1
94	89	1
94	35	1
94	72	1
94	88	1
94	4	1
94	55	1
94	70	1
94	75	1
94	6	1
94	97	1
94	33	1
94	81	1
94	32	1
94	94	1
94	63	1
94	29	1
94	83	1
94	3	1
94	93	1
94	17	1
94	40	1
94	21	1
94	91	1
94	18	1
94	7	1
94	62	1
94	5	1
94	42	1
94	38	1
94	98	1
94	26	1
94	50	1
94	2	1
94	76	1
94	69	1
94	46	1
94	61	1
94	30	1
94	44	1
94	41	1
95	39	1
95	96	1
95	33	1
95	64	1
95	16	1
95	29	1
95	23	1
95	12	1
95	80	1
95	20	1
95	5	1
95	98	1
95	37	1
95	78	1
95	79	1
95	14	1
95	18	1
95	2	1
95	36	1
95	41	1
95	24	1
95	66	1
95	25	1
95	54	1
95	3	1
95	45	1
95	8	1
95	83	1
95	21	1
95	4	1
95	26	1
95	22	1
95	53	1
95	48	1
95	1	1
95	81	1
95	71	1
95	75	1
95	97	1
95	58	1
95	93	1
95	51	1
95	91	1
95	11	1
95	46	1
95	30	1
95	94	1
96	77	1
96	88	1
96	4	1
96	80	1
96	45	1
96	64	1
96	6	1
96	20	1
96	36	1
96	22	1
96	13	1
96	28	1
96	23	1
96	50	1
96	19	1
96	1	1
96	97	1
96	69	1
96	41	1
96	15	1
96	73	1
96	14	1
96	61	1
96	0	1
96	5	1
96	2	1
96	78	1
96	8	1
96	9	1
96	81	1
96	57	1
96	95	1
96	91	1
96	79	1
96	67	1
96	52	1
96	17	1
96	63	1
96	47	1
96	72	1
96	31	1
96	54	1
96	48	1
96	44	1
96	16	1
96	43	1
96	75	1
96	38	1
96	30	1
96	40	1
97	58	1
97	23	1
97	24	1
97	32	1
97	87	1
97	18	1
97	45	1
97	90	1
97	27	1
97	35	1
97	63	1
97	2	1
97	51	1
97	76	1
97	1	1
97	64	1
97	60	1
97	55	1
97	9	1
97	40	1
97	48	1
97	41	1
97	10	1
97	71	1
97	31	1
97	33	1
97	8	1
97	61	1
97	20	1
97	52	1
97	93	1
97	30	1
97	54	1
97	29	1
97	14	1
97	15	1
97	12	1
97	85	1
97	97	1
97	62	1
97	56	1
97	98	1
97	25	1
97	99	1
97	13	1
98	20	1
98	46	1
98	69	1
98	67	1
98	26	1
98	43	1
98	95	1
98	37	1
98	62	1
98	32	1
98	35	1
98	61	1
98	48	1
98	28	1
98	45	1
98	97	1
98	49	1
98	87	1
98	54	1
98	60	1
98	16	1
98	9	1
98	98	1
98	63	1
98	38	1
98	21	1
98	89	1
98	19	1
98	77	1
98	47	1
98	79	1
98	53	1
98	88	1
98	23	1
98	96	1
98	44	1
98	10	1
98	34	1
98	66	1
98	6	1
98	7	1
98	90	1
98	40	1
98	18	1
98	5	1
98	0	1
98	39	1
99	24	1
99	30	1
99	66	1
99	80	1
99	59	1
99	38	1
99	97	1
99	67	1
99	16	1
99	33	1
99	9	1
99	81	1
99	40	1
99	75	1
99	88	1
99	28	1
99	64	1
99	51	1
99	47	1
99	3	1
99	13	1
99	36	1
99	68	1
99	15	1
99	48	1
99	4	1
99	49	1
99	70	1
99	62	1
99	12	1
99	19	1
99	95	1
99	87	1
99	45	1
99	14	1
99	93	1
99	43	1
99	55	1
99	73	1
99	27	1
99	65	1
99	8	1
99	0	1
99	83	1
99	96	1
